a =   [1.327780000000000;
   1.202180000000000;
   1.350410000000000;
   0.001000000000000];

b = [-0.000844087349169,   0.000535659627718,   0.000024193185093,   0.731443055394400];

b*a
